(kicad_pcb (version 20171130) (host pcbnew "(5.0.1)-4")

  (general
    (thickness 1.6)
    (drawings 10)
    (tracks 1447)
    (zones 0)
    (modules 88)
    (nets 130)
  )

  (page A4)
  (layers
    (0 F.Cu signal)
    (31 B.Cu signal)
    (32 B.Adhes user)
    (33 F.Adhes user)
    (34 B.Paste user)
    (35 F.Paste user)
    (36 B.SilkS user)
    (37 F.SilkS user)
    (38 B.Mask user)
    (39 F.Mask user)
    (40 Dwgs.User user)
    (41 Cmts.User user)
    (42 Eco1.User user)
    (43 Eco2.User user)
    (44 Edge.Cuts user)
    (45 Margin user)
    (46 B.CrtYd user)
    (47 F.CrtYd user)
    (48 B.Fab user)
    (49 F.Fab user)
  )

  (setup
    (last_trace_width 0.3048)
    (user_trace_width 0.1524)
    (user_trace_width 0.3048)
    (trace_clearance 0.2)
    (zone_clearance 0.508)
    (zone_45_only no)
    (trace_min 0.1524)
    (segment_width 0.2)
    (edge_width 0.2)
    (via_size 0.6096)
    (via_drill 0.3048)
    (via_min_size 0.6096)
    (via_min_drill 0.3048)
    (uvia_size 0.3)
    (uvia_drill 0.1)
    (uvias_allowed no)
    (uvia_min_size 0.2)
    (uvia_min_drill 0.1)
    (pcb_text_width 0.3)
    (pcb_text_size 1.5 1.5)
    (mod_edge_width 0.15)
    (mod_text_size 1 1)
    (mod_text_width 0.15)
    (pad_size 1.5 1.5)
    (pad_drill 0.6)
    (pad_to_mask_clearance 0)
    (solder_mask_min_width 0.25)
    (aux_axis_origin 0 0)
    (visible_elements 7FFFFF7F)
    (pcbplotparams
      (layerselection 0x010fc_ffffffff)
      (usegerberextensions false)
      (usegerberattributes false)
      (usegerberadvancedattributes false)
      (creategerberjobfile false)
      (excludeedgelayer true)
      (linewidth 0.100000)
      (plotframeref false)
      (viasonmask false)
      (mode 1)
      (useauxorigin false)
      (hpglpennumber 1)
      (hpglpenspeed 20)
      (hpglpendiameter 15.000000)
      (psnegative false)
      (psa4output false)
      (plotreference true)
      (plotvalue true)
      (plotinvisibletext false)
      (padsonsilk false)
      (subtractmaskfromsilk false)
      (outputformat 1)
      (mirror false)
      (drillshape 1)
      (scaleselection 1)
      (outputdirectory ""))
  )

  (net 0 "")
  (net 1 "Net-(Q1-Pad3)")
  (net 2 "Net-(D3-Pad2)")
  (net 3 "Net-(D2-Pad2)")
  (net 4 "Net-(Q2-Pad3)")
  (net 5 "Net-(Q3-Pad3)")
  (net 6 GND)
  (net 7 "Net-(C1-Pad2)")
  (net 8 "Net-(C2-Pad2)")
  (net 9 "Net-(C3-Pad2)")
  (net 10 "Net-(C4-Pad2)")
  (net 11 "Net-(C5-Pad2)")
  (net 12 +3V3)
  (net 13 "Net-(C7-Pad1)")
  (net 14 "Net-(C10-Pad1)")
  (net 15 "Net-(C12-Pad2)")
  (net 16 "Net-(C14-Pad2)")
  (net 17 GNDREF)
  (net 18 "Net-(C17-Pad1)")
  (net 19 "Net-(CR1-Pad1)")
  (net 20 "Net-(CR2-Pad2)")
  (net 21 "Net-(CR3-Pad1)")
  (net 22 "Net-(CR3-Pad2)")
  (net 23 "Net-(CR4-Pad2)")
  (net 24 "Net-(CR4-Pad1)")
  (net 25 "Net-(D1-Pad2)")
  (net 26 "Net-(D4-Pad2)")
  (net 27 "Net-(D5-Pad2)")
  (net 28 /T7)
  (net 29 /T8)
  (net 30 /T9)
  (net 31 /T10)
  (net 32 /T11)
  (net 33 /T12)
  (net 34 /T13)
  (net 35 +5V)
  (net 36 /AUDIO_SIGNAL)
  (net 37 /SIGNAL)
  (net 38 /ADSR_OUT)
  (net 39 "Net-(J2-Pad6)")
  (net 40 /L1)
  (net 41 /L2)
  (net 42 /L3)
  (net 43 /L4)
  (net 44 /L5)
  (net 45 /L6)
  (net 46 /L7)
  (net 47 /D13)
  (net 48 /D12)
  (net 49 /D11)
  (net 50 /D10)
  (net 51 /D9)
  (net 52 /D8)
  (net 53 /D7)
  (net 54 /SWDIO)
  (net 55 /SWCLK)
  (net 56 "Net-(J6-Pad6)")
  (net 57 "Net-(J6-Pad7)")
  (net 58 "Net-(J6-Pad8)")
  (net 59 "Net-(J6-Pad9)")
  (net 60 "Net-(J6-Pad10)")
  (net 61 "Net-(Q1-Pad1)")
  (net 62 "Net-(Q2-Pad1)")
  (net 63 "Net-(Q3-Pad1)")
  (net 64 "Net-(Q4-Pad3)")
  (net 65 /LED1)
  (net 66 /LED2)
  (net 67 /LED3)
  (net 68 /LED4)
  (net 69 VCC)
  (net 70 "Net-(R6-Pad2)")
  (net 71 "Net-(R8-Pad2)")
  (net 72 "Net-(R10-Pad2)")
  (net 73 "Net-(R14-Pad1)")
  (net 74 "Net-(R17-Pad2)")
  (net 75 "Net-(RA1-Pad1)")
  (net 76 "Net-(RA2-Pad1)")
  (net 77 "Net-(RA3-Pad1)")
  (net 78 "Net-(RA4-Pad1)")
  (net 79 "Net-(RA5-Pad1)")
  (net 80 "Net-(RA6-Pad1)")
  (net 81 "Net-(RA7-Pad1)")
  (net 82 "Net-(U14-Pad2)")
  (net 83 "Net-(U14-Pad3)")
  (net 84 "Net-(U14-Pad4)")
  (net 85 /AUDIO_SINGAL)
  (net 86 "Net-(U14-Pad37)")
  (net 87 "Net-(U14-Pad38)")
  (net 88 "Net-(U14-Pad39)")
  (net 89 "Net-(U14-Pad40)")
  (net 90 "Net-(U14-Pad41)")
  (net 91 "Net-(U14-Pad42)")
  (net 92 "Net-(U14-Pad44)")
  (net 93 "Net-(U14-Pad45)")
  (net 94 "Net-(U14-Pad50)")
  (net 95 "Net-(U14-Pad51)")
  (net 96 "Net-(U14-Pad52)")
  (net 97 "Net-(U14-Pad53)")
  (net 98 "Net-(U14-Pad54)")
  (net 99 "Net-(U14-Pad55)")
  (net 100 "Net-(U14-Pad61)")
  (net 101 "Net-(U14-Pad62)")
  (net 102 "Net-(U3-Pad5)")
  (net 103 "Net-(U3-Pad3)")
  (net 104 "Net-(U5-Pad3)")
  (net 105 "Net-(U5-Pad5)")
  (net 106 "Net-(U7-Pad3)")
  (net 107 "Net-(U7-Pad5)")
  (net 108 "Net-(U9-Pad3)")
  (net 109 "Net-(U9-Pad5)")
  (net 110 "Net-(U11-Pad5)")
  (net 111 "Net-(U11-Pad3)")
  (net 112 "Net-(U13-Pad3)")
  (net 113 "Net-(U13-Pad5)")
  (net 114 "Net-(U16-Pad5)")
  (net 115 "Net-(U16-Pad3)")
  (net 116 /3A)
  (net 117 /2B)
  (net 118 "Net-(U6-Pad1)")
  (net 119 "Net-(U6-Pad2)")
  (net 120 "Net-(U6-Pad3)")
  (net 121 "Net-(U6-Pad11)")
  (net 122 "Net-(U6-Pad12)")
  (net 123 "Net-(U6-Pad13)")
  (net 124 "Net-(J5-Pad2)")
  (net 125 "Net-(J5-Pad3)")
  (net 126 "Net-(J7-Pad2)")
  (net 127 "Net-(J7-Pad3)")
  (net 128 +5VD)
  (net 129 Earth)

  (net_class Default "This is the default net class."
    (clearance 0.2)
    (trace_width 0.1524)
    (via_dia 0.6096)
    (via_drill 0.3048)
    (uvia_dia 0.3)
    (uvia_drill 0.1)
    (add_net +3V3)
    (add_net +5V)
    (add_net +5VD)
    (add_net /2B)
    (add_net /3A)
    (add_net /ADSR_OUT)
    (add_net /AUDIO_SIGNAL)
    (add_net /AUDIO_SINGAL)
    (add_net /D10)
    (add_net /D11)
    (add_net /D12)
    (add_net /D13)
    (add_net /D7)
    (add_net /D8)
    (add_net /D9)
    (add_net /L1)
    (add_net /L2)
    (add_net /L3)
    (add_net /L4)
    (add_net /L5)
    (add_net /L6)
    (add_net /L7)
    (add_net /LED1)
    (add_net /LED2)
    (add_net /LED3)
    (add_net /LED4)
    (add_net /SIGNAL)
    (add_net /SWCLK)
    (add_net /SWDIO)
    (add_net /T10)
    (add_net /T11)
    (add_net /T12)
    (add_net /T13)
    (add_net /T7)
    (add_net /T8)
    (add_net /T9)
    (add_net Earth)
    (add_net GND)
    (add_net GNDREF)
    (add_net "Net-(C1-Pad2)")
    (add_net "Net-(C10-Pad1)")
    (add_net "Net-(C12-Pad2)")
    (add_net "Net-(C14-Pad2)")
    (add_net "Net-(C17-Pad1)")
    (add_net "Net-(C2-Pad2)")
    (add_net "Net-(C3-Pad2)")
    (add_net "Net-(C4-Pad2)")
    (add_net "Net-(C5-Pad2)")
    (add_net "Net-(C7-Pad1)")
    (add_net "Net-(CR1-Pad1)")
    (add_net "Net-(CR2-Pad2)")
    (add_net "Net-(CR3-Pad1)")
    (add_net "Net-(CR3-Pad2)")
    (add_net "Net-(CR4-Pad1)")
    (add_net "Net-(CR4-Pad2)")
    (add_net "Net-(D1-Pad2)")
    (add_net "Net-(D2-Pad2)")
    (add_net "Net-(D3-Pad2)")
    (add_net "Net-(D4-Pad2)")
    (add_net "Net-(D5-Pad2)")
    (add_net "Net-(J2-Pad6)")
    (add_net "Net-(J5-Pad2)")
    (add_net "Net-(J5-Pad3)")
    (add_net "Net-(J6-Pad10)")
    (add_net "Net-(J6-Pad6)")
    (add_net "Net-(J6-Pad7)")
    (add_net "Net-(J6-Pad8)")
    (add_net "Net-(J6-Pad9)")
    (add_net "Net-(J7-Pad2)")
    (add_net "Net-(J7-Pad3)")
    (add_net "Net-(Q1-Pad1)")
    (add_net "Net-(Q1-Pad3)")
    (add_net "Net-(Q2-Pad1)")
    (add_net "Net-(Q2-Pad3)")
    (add_net "Net-(Q3-Pad1)")
    (add_net "Net-(Q3-Pad3)")
    (add_net "Net-(Q4-Pad3)")
    (add_net "Net-(R10-Pad2)")
    (add_net "Net-(R14-Pad1)")
    (add_net "Net-(R17-Pad2)")
    (add_net "Net-(R6-Pad2)")
    (add_net "Net-(R8-Pad2)")
    (add_net "Net-(RA1-Pad1)")
    (add_net "Net-(RA2-Pad1)")
    (add_net "Net-(RA3-Pad1)")
    (add_net "Net-(RA4-Pad1)")
    (add_net "Net-(RA5-Pad1)")
    (add_net "Net-(RA6-Pad1)")
    (add_net "Net-(RA7-Pad1)")
    (add_net "Net-(U11-Pad3)")
    (add_net "Net-(U11-Pad5)")
    (add_net "Net-(U13-Pad3)")
    (add_net "Net-(U13-Pad5)")
    (add_net "Net-(U14-Pad2)")
    (add_net "Net-(U14-Pad3)")
    (add_net "Net-(U14-Pad37)")
    (add_net "Net-(U14-Pad38)")
    (add_net "Net-(U14-Pad39)")
    (add_net "Net-(U14-Pad4)")
    (add_net "Net-(U14-Pad40)")
    (add_net "Net-(U14-Pad41)")
    (add_net "Net-(U14-Pad42)")
    (add_net "Net-(U14-Pad44)")
    (add_net "Net-(U14-Pad45)")
    (add_net "Net-(U14-Pad50)")
    (add_net "Net-(U14-Pad51)")
    (add_net "Net-(U14-Pad52)")
    (add_net "Net-(U14-Pad53)")
    (add_net "Net-(U14-Pad54)")
    (add_net "Net-(U14-Pad55)")
    (add_net "Net-(U14-Pad61)")
    (add_net "Net-(U14-Pad62)")
    (add_net "Net-(U16-Pad3)")
    (add_net "Net-(U16-Pad5)")
    (add_net "Net-(U3-Pad3)")
    (add_net "Net-(U3-Pad5)")
    (add_net "Net-(U5-Pad3)")
    (add_net "Net-(U5-Pad5)")
    (add_net "Net-(U6-Pad1)")
    (add_net "Net-(U6-Pad11)")
    (add_net "Net-(U6-Pad12)")
    (add_net "Net-(U6-Pad13)")
    (add_net "Net-(U6-Pad2)")
    (add_net "Net-(U6-Pad3)")
    (add_net "Net-(U7-Pad3)")
    (add_net "Net-(U7-Pad5)")
    (add_net "Net-(U9-Pad3)")
    (add_net "Net-(U9-Pad5)")
    (add_net VCC)
  )

  (module Package_QFP:LQFP-64_10x10mm_P0.5mm (layer F.Cu) (tedit 5DC59A37) (tstamp 5DDDF714)
    (at 170.18 74.93)
    (descr "64 LEAD LQFP 10x10mm (see MICREL LQFP10x10-64LD-PL-1.pdf)")
    (tags "QFP 0.5")
    (path /5DBDB311)
    (attr smd)
    (fp_text reference U14 (at -8.128 -5.6896) (layer F.SilkS)
      (effects (font (size 1 1) (thickness 0.1)))
    )
    (fp_text value STM32F072RBTx (at 0 7.2) (layer F.Fab) hide
      (effects (font (size 1 1) (thickness 0.15)))
    )
    (fp_text user %R (at 0 0) (layer F.Fab)
      (effects (font (size 1 1) (thickness 0.15)))
    )
    (fp_line (start -4 -5) (end 5 -5) (layer F.Fab) (width 0.15))
    (fp_line (start 5 -5) (end 5 5) (layer F.Fab) (width 0.15))
    (fp_line (start 5 5) (end -5 5) (layer F.Fab) (width 0.15))
    (fp_line (start -5 5) (end -5 -4) (layer F.Fab) (width 0.15))
    (fp_line (start -5 -4) (end -4 -5) (layer F.Fab) (width 0.15))
    (fp_line (start -6.45 -6.45) (end -6.45 6.45) (layer F.CrtYd) (width 0.05))
    (fp_line (start 6.45 -6.45) (end 6.45 6.45) (layer F.CrtYd) (width 0.05))
    (fp_line (start -6.45 -6.45) (end 6.45 -6.45) (layer F.CrtYd) (width 0.05))
    (fp_line (start -6.45 6.45) (end 6.45 6.45) (layer F.CrtYd) (width 0.05))
    (fp_line (start -5.175 -5.175) (end -5.175 -4.175) (layer F.SilkS) (width 0.15))
    (fp_line (start 5.175 -5.175) (end 5.175 -4.1) (layer F.SilkS) (width 0.15))
    (fp_line (start 5.175 5.175) (end 5.175 4.1) (layer F.SilkS) (width 0.15))
    (fp_line (start -5.175 5.175) (end -5.175 4.1) (layer F.SilkS) (width 0.15))
    (fp_line (start -5.175 -5.175) (end -4.1 -5.175) (layer F.SilkS) (width 0.15))
    (fp_line (start -5.175 5.175) (end -4.1 5.175) (layer F.SilkS) (width 0.15))
    (fp_line (start 5.175 5.175) (end 4.1 5.175) (layer F.SilkS) (width 0.15))
    (fp_line (start 5.175 -5.175) (end 4.1 -5.175) (layer F.SilkS) (width 0.15))
    (fp_line (start -5.175 -4.175) (end -6.2 -4.175) (layer F.SilkS) (width 0.15))
    (pad 1 smd rect (at -5.7 -3.75) (size 1 0.25) (layers F.Cu F.Paste F.Mask)
      (net 12 +3V3))
    (pad 2 smd rect (at -5.7 -3.25) (size 1 0.25) (layers F.Cu F.Paste F.Mask)
      (net 82 "Net-(U14-Pad2)"))
    (pad 3 smd rect (at -5.7 -2.75) (size 1 0.25) (layers F.Cu F.Paste F.Mask)
      (net 83 "Net-(U14-Pad3)"))
    (pad 4 smd rect (at -5.7 -2.25) (size 1 0.25) (layers F.Cu F.Paste F.Mask)
      (net 84 "Net-(U14-Pad4)"))
    (pad 5 smd rect (at -5.7 -1.75) (size 1 0.25) (layers F.Cu F.Paste F.Mask)
      (net 13 "Net-(C7-Pad1)"))
    (pad 6 smd rect (at -5.7 -1.25) (size 1 0.25) (layers F.Cu F.Paste F.Mask)
      (net 14 "Net-(C10-Pad1)"))
    (pad 7 smd rect (at -5.7 -0.75) (size 1 0.25) (layers F.Cu F.Paste F.Mask)
      (net 71 "Net-(R8-Pad2)"))
    (pad 8 smd rect (at -5.7 -0.25) (size 1 0.25) (layers F.Cu F.Paste F.Mask)
      (net 40 /L1))
    (pad 9 smd rect (at -5.7 0.25) (size 1 0.25) (layers F.Cu F.Paste F.Mask)
      (net 41 /L2))
    (pad 10 smd rect (at -5.7 0.75) (size 1 0.25) (layers F.Cu F.Paste F.Mask)
      (net 42 /L3))
    (pad 11 smd rect (at -5.7 1.25) (size 1 0.25) (layers F.Cu F.Paste F.Mask)
      (net 43 /L4))
    (pad 12 smd rect (at -5.7 1.75) (size 1 0.25) (layers F.Cu F.Paste F.Mask)
      (net 6 GND))
    (pad 13 smd rect (at -5.7 2.25) (size 1 0.25) (layers F.Cu F.Paste F.Mask)
      (net 12 +3V3))
    (pad 14 smd rect (at -5.7 2.75) (size 1 0.25) (layers F.Cu F.Paste F.Mask)
      (net 28 /T7))
    (pad 15 smd rect (at -5.7 3.25) (size 1 0.25) (layers F.Cu F.Paste F.Mask)
      (net 29 /T8))
    (pad 16 smd rect (at -5.7 3.75) (size 1 0.25) (layers F.Cu F.Paste F.Mask)
      (net 30 /T9))
    (pad 17 smd rect (at -3.75 5.7 90) (size 1 0.25) (layers F.Cu F.Paste F.Mask)
      (net 31 /T10))
    (pad 18 smd rect (at -3.25 5.7 90) (size 1 0.25) (layers F.Cu F.Paste F.Mask)
      (net 6 GND))
    (pad 19 smd rect (at -2.75 5.7 90) (size 1 0.25) (layers F.Cu F.Paste F.Mask)
      (net 12 +3V3))
    (pad 20 smd rect (at -2.25 5.7 90) (size 1 0.25) (layers F.Cu F.Paste F.Mask)
      (net 85 /AUDIO_SINGAL))
    (pad 21 smd rect (at -1.75 5.7 90) (size 1 0.25) (layers F.Cu F.Paste F.Mask)
      (net 32 /T11))
    (pad 22 smd rect (at -1.25 5.7 90) (size 1 0.25) (layers F.Cu F.Paste F.Mask)
      (net 33 /T12))
    (pad 23 smd rect (at -0.75 5.7 90) (size 1 0.25) (layers F.Cu F.Paste F.Mask)
      (net 34 /T13))
    (pad 24 smd rect (at -0.25 5.7 90) (size 1 0.25) (layers F.Cu F.Paste F.Mask)
      (net 44 /L5))
    (pad 25 smd rect (at 0.25 5.7 90) (size 1 0.25) (layers F.Cu F.Paste F.Mask)
      (net 45 /L6))
    (pad 26 smd rect (at 0.75 5.7 90) (size 1 0.25) (layers F.Cu F.Paste F.Mask)
      (net 38 /ADSR_OUT))
    (pad 27 smd rect (at 1.25 5.7 90) (size 1 0.25) (layers F.Cu F.Paste F.Mask)
      (net 46 /L7))
    (pad 28 smd rect (at 1.75 5.7 90) (size 1 0.25) (layers F.Cu F.Paste F.Mask)
      (net 53 /D7))
    (pad 29 smd rect (at 2.25 5.7 90) (size 1 0.25) (layers F.Cu F.Paste F.Mask)
      (net 52 /D8))
    (pad 30 smd rect (at 2.75 5.7 90) (size 1 0.25) (layers F.Cu F.Paste F.Mask)
      (net 51 /D9))
    (pad 31 smd rect (at 3.25 5.7 90) (size 1 0.25) (layers F.Cu F.Paste F.Mask)
      (net 6 GND))
    (pad 32 smd rect (at 3.75 5.7 90) (size 1 0.25) (layers F.Cu F.Paste F.Mask)
      (net 12 +3V3))
    (pad 33 smd rect (at 5.7 3.75) (size 1 0.25) (layers F.Cu F.Paste F.Mask)
      (net 50 /D10))
    (pad 34 smd rect (at 5.7 3.25) (size 1 0.25) (layers F.Cu F.Paste F.Mask)
      (net 49 /D11))
    (pad 35 smd rect (at 5.7 2.75) (size 1 0.25) (layers F.Cu F.Paste F.Mask)
      (net 48 /D12))
    (pad 36 smd rect (at 5.7 2.25) (size 1 0.25) (layers F.Cu F.Paste F.Mask)
      (net 47 /D13))
    (pad 37 smd rect (at 5.7 1.75) (size 1 0.25) (layers F.Cu F.Paste F.Mask)
      (net 86 "Net-(U14-Pad37)"))
    (pad 38 smd rect (at 5.7 1.25) (size 1 0.25) (layers F.Cu F.Paste F.Mask)
      (net 87 "Net-(U14-Pad38)"))
    (pad 39 smd rect (at 5.7 0.75) (size 1 0.25) (layers F.Cu F.Paste F.Mask)
      (net 88 "Net-(U14-Pad39)"))
    (pad 40 smd rect (at 5.7 0.25) (size 1 0.25) (layers F.Cu F.Paste F.Mask)
      (net 89 "Net-(U14-Pad40)"))
    (pad 41 smd rect (at 5.7 -0.25) (size 1 0.25) (layers F.Cu F.Paste F.Mask)
      (net 90 "Net-(U14-Pad41)"))
    (pad 42 smd rect (at 5.7 -0.75) (size 1 0.25) (layers F.Cu F.Paste F.Mask)
      (net 91 "Net-(U14-Pad42)"))
    (pad 43 smd rect (at 5.7 -1.25) (size 1 0.25) (layers F.Cu F.Paste F.Mask)
      (net 37 /SIGNAL))
    (pad 44 smd rect (at 5.7 -1.75) (size 1 0.25) (layers F.Cu F.Paste F.Mask)
      (net 92 "Net-(U14-Pad44)"))
    (pad 45 smd rect (at 5.7 -2.25) (size 1 0.25) (layers F.Cu F.Paste F.Mask)
      (net 93 "Net-(U14-Pad45)"))
    (pad 46 smd rect (at 5.7 -2.75) (size 1 0.25) (layers F.Cu F.Paste F.Mask)
      (net 54 /SWDIO))
    (pad 47 smd rect (at 5.7 -3.25) (size 1 0.25) (layers F.Cu F.Paste F.Mask)
      (net 6 GND))
    (pad 48 smd rect (at 5.7 -3.75) (size 1 0.25) (layers F.Cu F.Paste F.Mask)
      (net 12 +3V3))
    (pad 49 smd rect (at 3.75 -5.7 90) (size 1 0.25) (layers F.Cu F.Paste F.Mask)
      (net 55 /SWCLK))
    (pad 50 smd rect (at 3.25 -5.7 90) (size 1 0.25) (layers F.Cu F.Paste F.Mask)
      (net 94 "Net-(U14-Pad50)"))
    (pad 51 smd rect (at 2.75 -5.7 90) (size 1 0.25) (layers F.Cu F.Paste F.Mask)
      (net 95 "Net-(U14-Pad51)"))
    (pad 52 smd rect (at 2.25 -5.7 90) (size 1 0.25) (layers F.Cu F.Paste F.Mask)
      (net 96 "Net-(U14-Pad52)"))
    (pad 53 smd rect (at 1.75 -5.7 90) (size 1 0.25) (layers F.Cu F.Paste F.Mask)
      (net 97 "Net-(U14-Pad53)"))
    (pad 54 smd rect (at 1.25 -5.7 90) (size 1 0.25) (layers F.Cu F.Paste F.Mask)
      (net 98 "Net-(U14-Pad54)"))
    (pad 55 smd rect (at 0.75 -5.7 90) (size 1 0.25) (layers F.Cu F.Paste F.Mask)
      (net 99 "Net-(U14-Pad55)"))
    (pad 56 smd rect (at 0.25 -5.7 90) (size 1 0.25) (layers F.Cu F.Paste F.Mask)
      (net 65 /LED1))
    (pad 57 smd rect (at -0.25 -5.7 90) (size 1 0.25) (layers F.Cu F.Paste F.Mask)
      (net 66 /LED2))
    (pad 58 smd rect (at -0.75 -5.7 90) (size 1 0.25) (layers F.Cu F.Paste F.Mask)
      (net 67 /LED3))
    (pad 59 smd rect (at -1.25 -5.7 90) (size 1 0.25) (layers F.Cu F.Paste F.Mask)
      (net 68 /LED4))
    (pad 60 smd rect (at -1.75 -5.7 90) (size 1 0.25) (layers F.Cu F.Paste F.Mask)
      (net 70 "Net-(R6-Pad2)"))
    (pad 61 smd rect (at -2.25 -5.7 90) (size 1 0.25) (layers F.Cu F.Paste F.Mask)
      (net 100 "Net-(U14-Pad61)"))
    (pad 62 smd rect (at -2.75 -5.7 90) (size 1 0.25) (layers F.Cu F.Paste F.Mask)
      (net 101 "Net-(U14-Pad62)"))
    (pad 63 smd rect (at -3.25 -5.7 90) (size 1 0.25) (layers F.Cu F.Paste F.Mask)
      (net 6 GND))
    (pad 64 smd rect (at -3.75 -5.7 90) (size 1 0.25) (layers F.Cu F.Paste F.Mask)
      (net 12 +3V3))
    (model ${KISYS3DMOD}/Package_QFP.3dshapes/LQFP-64_10x10mm_P0.5mm.wrl
      (at (xyz 0 0 0))
      (scale (xyz 1 1 1))
      (rotate (xyz 0 0 0))
    )
  )

  (module Capacitor_SMD:C_0805_2012Metric (layer F.Cu) (tedit 5DC6FF09) (tstamp 5DDDF114)
    (at 164.2872 95.758 180)
    (descr "Capacitor SMD 0805 (2012 Metric), square (rectangular) end terminal, IPC_7351 nominal, (Body size source: https://docs.google.com/spreadsheets/d/1BsfQQcO9C6DZCsRaXUlFlo91Tg2WpOkGARC1WS5S8t0/edit?usp=sharing), generated with kicad-footprint-generator")
    (tags capacitor)
    (path /5DD63698)
    (attr smd)
    (fp_text reference C1 (at 0 -1.9812) (layer F.SilkS)
      (effects (font (size 1 1) (thickness 0.1)))
    )
    (fp_text value C_0.1uF (at 0 1.65 180) (layer F.Fab) hide
      (effects (font (size 1 1) (thickness 0.15)))
    )
    (fp_text user %R (at 0 0 180) (layer F.Fab)
      (effects (font (size 0.5 0.5) (thickness 0.08)))
    )
    (fp_line (start 1.68 0.95) (end -1.68 0.95) (layer F.CrtYd) (width 0.05))
    (fp_line (start 1.68 -0.95) (end 1.68 0.95) (layer F.CrtYd) (width 0.05))
    (fp_line (start -1.68 -0.95) (end 1.68 -0.95) (layer F.CrtYd) (width 0.05))
    (fp_line (start -1.68 0.95) (end -1.68 -0.95) (layer F.CrtYd) (width 0.05))
    (fp_line (start -0.258578 0.71) (end 0.258578 0.71) (layer F.SilkS) (width 0.12))
    (fp_line (start -0.258578 -0.71) (end 0.258578 -0.71) (layer F.SilkS) (width 0.12))
    (fp_line (start 1 0.6) (end -1 0.6) (layer F.Fab) (width 0.1))
    (fp_line (start 1 -0.6) (end 1 0.6) (layer F.Fab) (width 0.1))
    (fp_line (start -1 -0.6) (end 1 -0.6) (layer F.Fab) (width 0.1))
    (fp_line (start -1 0.6) (end -1 -0.6) (layer F.Fab) (width 0.1))
    (pad 2 smd roundrect (at 0.9375 0 180) (size 0.975 1.4) (layers F.Cu F.Paste F.Mask) (roundrect_rratio 0.25)
      (net 7 "Net-(C1-Pad2)"))
    (pad 1 smd roundrect (at -0.9375 0 180) (size 0.975 1.4) (layers F.Cu F.Paste F.Mask) (roundrect_rratio 0.25)
      (net 6 GND))
    (model ${KISYS3DMOD}/Capacitor_SMD.3dshapes/C_0805_2012Metric.wrl
      (at (xyz 0 0 0))
      (scale (xyz 1 1 1))
      (rotate (xyz 0 0 0))
    )
  )

  (module Capacitor_SMD:C_0805_2012Metric (layer F.Cu) (tedit 5DC6FED8) (tstamp 5DDDF125)
    (at 188.6712 94.2848)
    (descr "Capacitor SMD 0805 (2012 Metric), square (rectangular) end terminal, IPC_7351 nominal, (Body size source: https://docs.google.com/spreadsheets/d/1BsfQQcO9C6DZCsRaXUlFlo91Tg2WpOkGARC1WS5S8t0/edit?usp=sharing), generated with kicad-footprint-generator")
    (tags capacitor)
    (path /5DD80A4A)
    (attr smd)
    (fp_text reference C2 (at 0 1.8796) (layer F.SilkS)
      (effects (font (size 1 1) (thickness 0.1)))
    )
    (fp_text value C_0.1uF (at 0 1.65) (layer F.Fab) hide
      (effects (font (size 1 1) (thickness 0.15)))
    )
    (fp_line (start -1 0.6) (end -1 -0.6) (layer F.Fab) (width 0.1))
    (fp_line (start -1 -0.6) (end 1 -0.6) (layer F.Fab) (width 0.1))
    (fp_line (start 1 -0.6) (end 1 0.6) (layer F.Fab) (width 0.1))
    (fp_line (start 1 0.6) (end -1 0.6) (layer F.Fab) (width 0.1))
    (fp_line (start -0.258578 -0.71) (end 0.258578 -0.71) (layer F.SilkS) (width 0.12))
    (fp_line (start -0.258578 0.71) (end 0.258578 0.71) (layer F.SilkS) (width 0.12))
    (fp_line (start -1.68 0.95) (end -1.68 -0.95) (layer F.CrtYd) (width 0.05))
    (fp_line (start -1.68 -0.95) (end 1.68 -0.95) (layer F.CrtYd) (width 0.05))
    (fp_line (start 1.68 -0.95) (end 1.68 0.95) (layer F.CrtYd) (width 0.05))
    (fp_line (start 1.68 0.95) (end -1.68 0.95) (layer F.CrtYd) (width 0.05))
    (fp_text user %R (at 0 0) (layer F.Fab)
      (effects (font (size 0.5 0.5) (thickness 0.08)))
    )
    (pad 1 smd roundrect (at -0.9375 0) (size 0.975 1.4) (layers F.Cu F.Paste F.Mask) (roundrect_rratio 0.25)
      (net 6 GND))
    (pad 2 smd roundrect (at 0.9375 0) (size 0.975 1.4) (layers F.Cu F.Paste F.Mask) (roundrect_rratio 0.25)
      (net 8 "Net-(C2-Pad2)"))
    (model ${KISYS3DMOD}/Capacitor_SMD.3dshapes/C_0805_2012Metric.wrl
      (at (xyz 0 0 0))
      (scale (xyz 1 1 1))
      (rotate (xyz 0 0 0))
    )
  )

  (module Capacitor_SMD:C_0805_2012Metric (layer F.Cu) (tedit 5DC6FF16) (tstamp 5DDDF136)
    (at 142.9004 92.0496 270)
    (descr "Capacitor SMD 0805 (2012 Metric), square (rectangular) end terminal, IPC_7351 nominal, (Body size source: https://docs.google.com/spreadsheets/d/1BsfQQcO9C6DZCsRaXUlFlo91Tg2WpOkGARC1WS5S8t0/edit?usp=sharing), generated with kicad-footprint-generator")
    (tags capacitor)
    (path /5DD4636A)
    (attr smd)
    (fp_text reference C3 (at 2.794 0.1016) (layer F.SilkS)
      (effects (font (size 1 1) (thickness 0.1)))
    )
    (fp_text value C_0.1uF (at 0 1.65 270) (layer F.Fab) hide
      (effects (font (size 1 1) (thickness 0.15)))
    )
    (fp_line (start -1 0.6) (end -1 -0.6) (layer F.Fab) (width 0.1))
    (fp_line (start -1 -0.6) (end 1 -0.6) (layer F.Fab) (width 0.1))
    (fp_line (start 1 -0.6) (end 1 0.6) (layer F.Fab) (width 0.1))
    (fp_line (start 1 0.6) (end -1 0.6) (layer F.Fab) (width 0.1))
    (fp_line (start -0.258578 -0.71) (end 0.258578 -0.71) (layer F.SilkS) (width 0.12))
    (fp_line (start -0.258578 0.71) (end 0.258578 0.71) (layer F.SilkS) (width 0.12))
    (fp_line (start -1.68 0.95) (end -1.68 -0.95) (layer F.CrtYd) (width 0.05))
    (fp_line (start -1.68 -0.95) (end 1.68 -0.95) (layer F.CrtYd) (width 0.05))
    (fp_line (start 1.68 -0.95) (end 1.68 0.95) (layer F.CrtYd) (width 0.05))
    (fp_line (start 1.68 0.95) (end -1.68 0.95) (layer F.CrtYd) (width 0.05))
    (fp_text user %R (at 0 0 270) (layer F.Fab)
      (effects (font (size 0.5 0.5) (thickness 0.08)))
    )
    (pad 1 smd roundrect (at -0.9375 0 270) (size 0.975 1.4) (layers F.Cu F.Paste F.Mask) (roundrect_rratio 0.25)
      (net 6 GND))
    (pad 2 smd roundrect (at 0.9375 0 270) (size 0.975 1.4) (layers F.Cu F.Paste F.Mask) (roundrect_rratio 0.25)
      (net 9 "Net-(C3-Pad2)"))
    (model ${KISYS3DMOD}/Capacitor_SMD.3dshapes/C_0805_2012Metric.wrl
      (at (xyz 0 0 0))
      (scale (xyz 1 1 1))
      (rotate (xyz 0 0 0))
    )
  )

  (module Capacitor_SMD:C_0805_2012Metric (layer F.Cu) (tedit 5DC6FEFD) (tstamp 5DDDF147)
    (at 181.2036 94.2848)
    (descr "Capacitor SMD 0805 (2012 Metric), square (rectangular) end terminal, IPC_7351 nominal, (Body size source: https://docs.google.com/spreadsheets/d/1BsfQQcO9C6DZCsRaXUlFlo91Tg2WpOkGARC1WS5S8t0/edit?usp=sharing), generated with kicad-footprint-generator")
    (tags capacitor)
    (path /5DD9DD39)
    (attr smd)
    (fp_text reference C4 (at -0.0508 2.0828) (layer F.SilkS)
      (effects (font (size 1 1) (thickness 0.1)))
    )
    (fp_text value C_0.1uF (at 0 1.65) (layer F.Fab) hide
      (effects (font (size 1 1) (thickness 0.15)))
    )
    (fp_text user %R (at 0 0) (layer F.Fab)
      (effects (font (size 0.5 0.5) (thickness 0.08)))
    )
    (fp_line (start 1.68 0.95) (end -1.68 0.95) (layer F.CrtYd) (width 0.05))
    (fp_line (start 1.68 -0.95) (end 1.68 0.95) (layer F.CrtYd) (width 0.05))
    (fp_line (start -1.68 -0.95) (end 1.68 -0.95) (layer F.CrtYd) (width 0.05))
    (fp_line (start -1.68 0.95) (end -1.68 -0.95) (layer F.CrtYd) (width 0.05))
    (fp_line (start -0.258578 0.71) (end 0.258578 0.71) (layer F.SilkS) (width 0.12))
    (fp_line (start -0.258578 -0.71) (end 0.258578 -0.71) (layer F.SilkS) (width 0.12))
    (fp_line (start 1 0.6) (end -1 0.6) (layer F.Fab) (width 0.1))
    (fp_line (start 1 -0.6) (end 1 0.6) (layer F.Fab) (width 0.1))
    (fp_line (start -1 -0.6) (end 1 -0.6) (layer F.Fab) (width 0.1))
    (fp_line (start -1 0.6) (end -1 -0.6) (layer F.Fab) (width 0.1))
    (pad 2 smd roundrect (at 0.9375 0) (size 0.975 1.4) (layers F.Cu F.Paste F.Mask) (roundrect_rratio 0.25)
      (net 10 "Net-(C4-Pad2)"))
    (pad 1 smd roundrect (at -0.9375 0) (size 0.975 1.4) (layers F.Cu F.Paste F.Mask) (roundrect_rratio 0.25)
      (net 6 GND))
    (model ${KISYS3DMOD}/Capacitor_SMD.3dshapes/C_0805_2012Metric.wrl
      (at (xyz 0 0 0))
      (scale (xyz 1 1 1))
      (rotate (xyz 0 0 0))
    )
  )

  (module Capacitor_SMD:C_0805_2012Metric (layer F.Cu) (tedit 5DC593CB) (tstamp 5DDDF158)
    (at 129.794 90.678 270)
    (descr "Capacitor SMD 0805 (2012 Metric), square (rectangular) end terminal, IPC_7351 nominal, (Body size source: https://docs.google.com/spreadsheets/d/1BsfQQcO9C6DZCsRaXUlFlo91Tg2WpOkGARC1WS5S8t0/edit?usp=sharing), generated with kicad-footprint-generator")
    (tags capacitor)
    (path /5DD2903C)
    (attr smd)
    (fp_text reference C5 (at -2.3368 0 180) (layer F.SilkS)
      (effects (font (size 1 1) (thickness 0.1)))
    )
    (fp_text value C_0.1uF (at 0 1.65 270) (layer F.Fab) hide
      (effects (font (size 1 1) (thickness 0.15)))
    )
    (fp_line (start -1 0.6) (end -1 -0.6) (layer F.Fab) (width 0.1))
    (fp_line (start -1 -0.6) (end 1 -0.6) (layer F.Fab) (width 0.1))
    (fp_line (start 1 -0.6) (end 1 0.6) (layer F.Fab) (width 0.1))
    (fp_line (start 1 0.6) (end -1 0.6) (layer F.Fab) (width 0.1))
    (fp_line (start -0.258578 -0.71) (end 0.258578 -0.71) (layer F.SilkS) (width 0.12))
    (fp_line (start -0.258578 0.71) (end 0.258578 0.71) (layer F.SilkS) (width 0.12))
    (fp_line (start -1.68 0.95) (end -1.68 -0.95) (layer F.CrtYd) (width 0.05))
    (fp_line (start -1.68 -0.95) (end 1.68 -0.95) (layer F.CrtYd) (width 0.05))
    (fp_line (start 1.68 -0.95) (end 1.68 0.95) (layer F.CrtYd) (width 0.05))
    (fp_line (start 1.68 0.95) (end -1.68 0.95) (layer F.CrtYd) (width 0.05))
    (fp_text user %R (at 0 0 270) (layer F.Fab)
      (effects (font (size 0.5 0.5) (thickness 0.08)))
    )
    (pad 1 smd roundrect (at -0.9375 0 270) (size 0.975 1.4) (layers F.Cu F.Paste F.Mask) (roundrect_rratio 0.25)
      (net 6 GND))
    (pad 2 smd roundrect (at 0.9375 0 270) (size 0.975 1.4) (layers F.Cu F.Paste F.Mask) (roundrect_rratio 0.25)
      (net 11 "Net-(C5-Pad2)"))
    (model ${KISYS3DMOD}/Capacitor_SMD.3dshapes/C_0805_2012Metric.wrl
      (at (xyz 0 0 0))
      (scale (xyz 1 1 1))
      (rotate (xyz 0 0 0))
    )
  )

  (module Capacitor_SMD:C_0805_2012Metric (layer F.Cu) (tedit 5DC59968) (tstamp 5DDDF169)
    (at 177.8508 70.5612 270)
    (descr "Capacitor SMD 0805 (2012 Metric), square (rectangular) end terminal, IPC_7351 nominal, (Body size source: https://docs.google.com/spreadsheets/d/1BsfQQcO9C6DZCsRaXUlFlo91Tg2WpOkGARC1WS5S8t0/edit?usp=sharing), generated with kicad-footprint-generator")
    (tags capacitor)
    (path /5DD28FBA)
    (attr smd)
    (fp_text reference C6 (at 0 -2.2352) (layer F.SilkS)
      (effects (font (size 1 1) (thickness 0.1)))
    )
    (fp_text value C_0.1uF (at 0 1.65 270) (layer F.Fab) hide
      (effects (font (size 1 1) (thickness 0.15)))
    )
    (fp_text user %R (at 0 0 270) (layer F.Fab)
      (effects (font (size 0.5 0.5) (thickness 0.08)))
    )
    (fp_line (start 1.68 0.95) (end -1.68 0.95) (layer F.CrtYd) (width 0.05))
    (fp_line (start 1.68 -0.95) (end 1.68 0.95) (layer F.CrtYd) (width 0.05))
    (fp_line (start -1.68 -0.95) (end 1.68 -0.95) (layer F.CrtYd) (width 0.05))
    (fp_line (start -1.68 0.95) (end -1.68 -0.95) (layer F.CrtYd) (width 0.05))
    (fp_line (start -0.258578 0.71) (end 0.258578 0.71) (layer F.SilkS) (width 0.12))
    (fp_line (start -0.258578 -0.71) (end 0.258578 -0.71) (layer F.SilkS) (width 0.12))
    (fp_line (start 1 0.6) (end -1 0.6) (layer F.Fab) (width 0.1))
    (fp_line (start 1 -0.6) (end 1 0.6) (layer F.Fab) (width 0.1))
    (fp_line (start -1 -0.6) (end 1 -0.6) (layer F.Fab) (width 0.1))
    (fp_line (start -1 0.6) (end -1 -0.6) (layer F.Fab) (width 0.1))
    (pad 2 smd roundrect (at 0.9375 0 270) (size 0.975 1.4) (layers F.Cu F.Paste F.Mask) (roundrect_rratio 0.25)
      (net 6 GND))
    (pad 1 smd roundrect (at -0.9375 0 270) (size 0.975 1.4) (layers F.Cu F.Paste F.Mask) (roundrect_rratio 0.25)
      (net 12 +3V3))
    (model ${KISYS3DMOD}/Capacitor_SMD.3dshapes/C_0805_2012Metric.wrl
      (at (xyz 0 0 0))
      (scale (xyz 1 1 1))
      (rotate (xyz 0 0 0))
    )
  )

  (module Capacitor_SMD:C_0805_2012Metric (layer F.Cu) (tedit 5DC4DD80) (tstamp 5DDDF17A)
    (at 161.1122 71.247 180)
    (descr "Capacitor SMD 0805 (2012 Metric), square (rectangular) end terminal, IPC_7351 nominal, (Body size source: https://docs.google.com/spreadsheets/d/1BsfQQcO9C6DZCsRaXUlFlo91Tg2WpOkGARC1WS5S8t0/edit?usp=sharing), generated with kicad-footprint-generator")
    (tags capacitor)
    (path /5DD9EAB5)
    (attr smd)
    (fp_text reference C7 (at 2.54 -0.127 180) (layer F.SilkS)
      (effects (font (size 0.75 0.75) (thickness 0.1)))
    )
    (fp_text value C_22pF (at 1.016 0 180) (layer F.Fab) hide
      (effects (font (size 1 1) (thickness 0.15)))
    )
    (fp_text user %R (at 0 0 180) (layer F.Fab)
      (effects (font (size 0.5 0.5) (thickness 0.08)))
    )
    (fp_line (start 1.68 0.95) (end -1.68 0.95) (layer F.CrtYd) (width 0.05))
    (fp_line (start 1.68 -0.95) (end 1.68 0.95) (layer F.CrtYd) (width 0.05))
    (fp_line (start -1.68 -0.95) (end 1.68 -0.95) (layer F.CrtYd) (width 0.05))
    (fp_line (start -1.68 0.95) (end -1.68 -0.95) (layer F.CrtYd) (width 0.05))
    (fp_line (start -0.258578 0.71) (end 0.258578 0.71) (layer F.SilkS) (width 0.12))
    (fp_line (start -0.258578 -0.71) (end 0.258578 -0.71) (layer F.SilkS) (width 0.12))
    (fp_line (start 1 0.6) (end -1 0.6) (layer F.Fab) (width 0.1))
    (fp_line (start 1 -0.6) (end 1 0.6) (layer F.Fab) (width 0.1))
    (fp_line (start -1 -0.6) (end 1 -0.6) (layer F.Fab) (width 0.1))
    (fp_line (start -1 0.6) (end -1 -0.6) (layer F.Fab) (width 0.1))
    (pad 2 smd roundrect (at 0.9375 0 180) (size 0.975 1.4) (layers F.Cu F.Paste F.Mask) (roundrect_rratio 0.25)
      (net 6 GND))
    (pad 1 smd roundrect (at -0.9375 0 180) (size 0.975 1.4) (layers F.Cu F.Paste F.Mask) (roundrect_rratio 0.25)
      (net 13 "Net-(C7-Pad1)"))
    (model ${KISYS3DMOD}/Capacitor_SMD.3dshapes/C_0805_2012Metric.wrl
      (at (xyz 0 0 0))
      (scale (xyz 1 1 1))
      (rotate (xyz 0 0 0))
    )
  )

  (module Capacitor_SMD:C_0805_2012Metric (layer F.Cu) (tedit 5DC5997B) (tstamp 5DDDF18B)
    (at 161.036 78.7908 270)
    (descr "Capacitor SMD 0805 (2012 Metric), square (rectangular) end terminal, IPC_7351 nominal, (Body size source: https://docs.google.com/spreadsheets/d/1BsfQQcO9C6DZCsRaXUlFlo91Tg2WpOkGARC1WS5S8t0/edit?usp=sharing), generated with kicad-footprint-generator")
    (tags capacitor)
    (path /5DD28FC1)
    (attr smd)
    (fp_text reference C8 (at -0.7112 2.8956) (layer F.SilkS)
      (effects (font (size 1 1) (thickness 0.1)))
    )
    (fp_text value C_0.1uF (at 0 1.65 270) (layer F.Fab) hide
      (effects (font (size 1 1) (thickness 0.15)))
    )
    (fp_text user %R (at 0 0 270) (layer F.Fab)
      (effects (font (size 0.5 0.5) (thickness 0.08)))
    )
    (fp_line (start 1.68 0.95) (end -1.68 0.95) (layer F.CrtYd) (width 0.05))
    (fp_line (start 1.68 -0.95) (end 1.68 0.95) (layer F.CrtYd) (width 0.05))
    (fp_line (start -1.68 -0.95) (end 1.68 -0.95) (layer F.CrtYd) (width 0.05))
    (fp_line (start -1.68 0.95) (end -1.68 -0.95) (layer F.CrtYd) (width 0.05))
    (fp_line (start -0.258578 0.71) (end 0.258578 0.71) (layer F.SilkS) (width 0.12))
    (fp_line (start -0.258578 -0.71) (end 0.258578 -0.71) (layer F.SilkS) (width 0.12))
    (fp_line (start 1 0.6) (end -1 0.6) (layer F.Fab) (width 0.1))
    (fp_line (start 1 -0.6) (end 1 0.6) (layer F.Fab) (width 0.1))
    (fp_line (start -1 -0.6) (end 1 -0.6) (layer F.Fab) (width 0.1))
    (fp_line (start -1 0.6) (end -1 -0.6) (layer F.Fab) (width 0.1))
    (pad 2 smd roundrect (at 0.9375 0 270) (size 0.975 1.4) (layers F.Cu F.Paste F.Mask) (roundrect_rratio 0.25)
      (net 6 GND))
    (pad 1 smd roundrect (at -0.9375 0 270) (size 0.975 1.4) (layers F.Cu F.Paste F.Mask) (roundrect_rratio 0.25)
      (net 12 +3V3))
    (model ${KISYS3DMOD}/Capacitor_SMD.3dshapes/C_0805_2012Metric.wrl
      (at (xyz 0 0 0))
      (scale (xyz 1 1 1))
      (rotate (xyz 0 0 0))
    )
  )

  (module Capacitor_SMD:C_0805_2012Metric (layer F.Cu) (tedit 5DC59981) (tstamp 5DDDF19C)
    (at 165.9636 67.3608)
    (descr "Capacitor SMD 0805 (2012 Metric), square (rectangular) end terminal, IPC_7351 nominal, (Body size source: https://docs.google.com/spreadsheets/d/1BsfQQcO9C6DZCsRaXUlFlo91Tg2WpOkGARC1WS5S8t0/edit?usp=sharing), generated with kicad-footprint-generator")
    (tags capacitor)
    (path /5DD28FC8)
    (attr smd)
    (fp_text reference C9 (at -0.7112 -1.6256) (layer F.SilkS)
      (effects (font (size 1 1) (thickness 0.1)))
    )
    (fp_text value C_0.1uF (at 0 1.65) (layer F.Fab) hide
      (effects (font (size 1 1) (thickness 0.15)))
    )
    (fp_line (start -1 0.6) (end -1 -0.6) (layer F.Fab) (width 0.1))
    (fp_line (start -1 -0.6) (end 1 -0.6) (layer F.Fab) (width 0.1))
    (fp_line (start 1 -0.6) (end 1 0.6) (layer F.Fab) (width 0.1))
    (fp_line (start 1 0.6) (end -1 0.6) (layer F.Fab) (width 0.1))
    (fp_line (start -0.258578 -0.71) (end 0.258578 -0.71) (layer F.SilkS) (width 0.12))
    (fp_line (start -0.258578 0.71) (end 0.258578 0.71) (layer F.SilkS) (width 0.12))
    (fp_line (start -1.68 0.95) (end -1.68 -0.95) (layer F.CrtYd) (width 0.05))
    (fp_line (start -1.68 -0.95) (end 1.68 -0.95) (layer F.CrtYd) (width 0.05))
    (fp_line (start 1.68 -0.95) (end 1.68 0.95) (layer F.CrtYd) (width 0.05))
    (fp_line (start 1.68 0.95) (end -1.68 0.95) (layer F.CrtYd) (width 0.05))
    (fp_text user %R (at 0 0) (layer F.Fab)
      (effects (font (size 0.5 0.5) (thickness 0.08)))
    )
    (pad 1 smd roundrect (at -0.9375 0) (size 0.975 1.4) (layers F.Cu F.Paste F.Mask) (roundrect_rratio 0.25)
      (net 12 +3V3))
    (pad 2 smd roundrect (at 0.9375 0) (size 0.975 1.4) (layers F.Cu F.Paste F.Mask) (roundrect_rratio 0.25)
      (net 6 GND))
    (model ${KISYS3DMOD}/Capacitor_SMD.3dshapes/C_0805_2012Metric.wrl
      (at (xyz 0 0 0))
      (scale (xyz 1 1 1))
      (rotate (xyz 0 0 0))
    )
  )

  (module Capacitor_SMD:C_0805_2012Metric (layer F.Cu) (tedit 5DC4DD71) (tstamp 5DDDF1AD)
    (at 160.9852 75.946)
    (descr "Capacitor SMD 0805 (2012 Metric), square (rectangular) end terminal, IPC_7351 nominal, (Body size source: https://docs.google.com/spreadsheets/d/1BsfQQcO9C6DZCsRaXUlFlo91Tg2WpOkGARC1WS5S8t0/edit?usp=sharing), generated with kicad-footprint-generator")
    (tags capacitor)
    (path /5DD9EBB0)
    (attr smd)
    (fp_text reference C10 (at -2.794 0) (layer F.SilkS)
      (effects (font (size 0.75 0.75) (thickness 0.1)))
    )
    (fp_text value C_22pF (at -0.889 0) (layer F.Fab) hide
      (effects (font (size 1 1) (thickness 0.15)))
    )
    (fp_line (start -1 0.6) (end -1 -0.6) (layer F.Fab) (width 0.1))
    (fp_line (start -1 -0.6) (end 1 -0.6) (layer F.Fab) (width 0.1))
    (fp_line (start 1 -0.6) (end 1 0.6) (layer F.Fab) (width 0.1))
    (fp_line (start 1 0.6) (end -1 0.6) (layer F.Fab) (width 0.1))
    (fp_line (start -0.258578 -0.71) (end 0.258578 -0.71) (layer F.SilkS) (width 0.12))
    (fp_line (start -0.258578 0.71) (end 0.258578 0.71) (layer F.SilkS) (width 0.12))
    (fp_line (start -1.68 0.95) (end -1.68 -0.95) (layer F.CrtYd) (width 0.05))
    (fp_line (start -1.68 -0.95) (end 1.68 -0.95) (layer F.CrtYd) (width 0.05))
    (fp_line (start 1.68 -0.95) (end 1.68 0.95) (layer F.CrtYd) (width 0.05))
    (fp_line (start 1.68 0.95) (end -1.68 0.95) (layer F.CrtYd) (width 0.05))
    (fp_text user %R (at 0 0) (layer F.Fab)
      (effects (font (size 0.5 0.5) (thickness 0.08)))
    )
    (pad 1 smd roundrect (at -0.9375 0) (size 0.975 1.4) (layers F.Cu F.Paste F.Mask) (roundrect_rratio 0.25)
      (net 14 "Net-(C10-Pad1)"))
    (pad 2 smd roundrect (at 0.9375 0) (size 0.975 1.4) (layers F.Cu F.Paste F.Mask) (roundrect_rratio 0.25)
      (net 6 GND))
    (model ${KISYS3DMOD}/Capacitor_SMD.3dshapes/C_0805_2012Metric.wrl
      (at (xyz 0 0 0))
      (scale (xyz 1 1 1))
      (rotate (xyz 0 0 0))
    )
  )

  (module Capacitor_SMD:C_0805_2012Metric (layer F.Cu) (tedit 5DC59973) (tstamp 5DDDF1BE)
    (at 174.9552 82.6516 180)
    (descr "Capacitor SMD 0805 (2012 Metric), square (rectangular) end terminal, IPC_7351 nominal, (Body size source: https://docs.google.com/spreadsheets/d/1BsfQQcO9C6DZCsRaXUlFlo91Tg2WpOkGARC1WS5S8t0/edit?usp=sharing), generated with kicad-footprint-generator")
    (tags capacitor)
    (path /5DD18586)
    (attr smd)
    (fp_text reference C11 (at 0 -1.524 180) (layer F.SilkS)
      (effects (font (size 1 1) (thickness 0.1)))
    )
    (fp_text value C_0.1uF (at 0 1.65 180) (layer F.Fab) hide
      (effects (font (size 1 1) (thickness 0.15)))
    )
    (fp_text user %R (at 0 0 180) (layer F.Fab)
      (effects (font (size 0.5 0.5) (thickness 0.08)))
    )
    (fp_line (start 1.68 0.95) (end -1.68 0.95) (layer F.CrtYd) (width 0.05))
    (fp_line (start 1.68 -0.95) (end 1.68 0.95) (layer F.CrtYd) (width 0.05))
    (fp_line (start -1.68 -0.95) (end 1.68 -0.95) (layer F.CrtYd) (width 0.05))
    (fp_line (start -1.68 0.95) (end -1.68 -0.95) (layer F.CrtYd) (width 0.05))
    (fp_line (start -0.258578 0.71) (end 0.258578 0.71) (layer F.SilkS) (width 0.12))
    (fp_line (start -0.258578 -0.71) (end 0.258578 -0.71) (layer F.SilkS) (width 0.12))
    (fp_line (start 1 0.6) (end -1 0.6) (layer F.Fab) (width 0.1))
    (fp_line (start 1 -0.6) (end 1 0.6) (layer F.Fab) (width 0.1))
    (fp_line (start -1 -0.6) (end 1 -0.6) (layer F.Fab) (width 0.1))
    (fp_line (start -1 0.6) (end -1 -0.6) (layer F.Fab) (width 0.1))
    (pad 2 smd roundrect (at 0.9375 0 180) (size 0.975 1.4) (layers F.Cu F.Paste F.Mask) (roundrect_rratio 0.25)
      (net 6 GND))
    (pad 1 smd roundrect (at -0.9375 0 180) (size 0.975 1.4) (layers F.Cu F.Paste F.Mask) (roundrect_rratio 0.25)
      (net 12 +3V3))
    (model ${KISYS3DMOD}/Capacitor_SMD.3dshapes/C_0805_2012Metric.wrl
      (at (xyz 0 0 0))
      (scale (xyz 1 1 1))
      (rotate (xyz 0 0 0))
    )
  )

  (module Capacitor_SMD:C_0805_2012Metric (layer F.Cu) (tedit 5DC59578) (tstamp 5DDDF1CF)
    (at 173.7868 97.7392 180)
    (descr "Capacitor SMD 0805 (2012 Metric), square (rectangular) end terminal, IPC_7351 nominal, (Body size source: https://docs.google.com/spreadsheets/d/1BsfQQcO9C6DZCsRaXUlFlo91Tg2WpOkGARC1WS5S8t0/edit?usp=sharing), generated with kicad-footprint-generator")
    (tags capacitor)
